0 0.5380962343096234 0.4399176470588235 0.17253138075313806 0.1259764705882353
1 0.156255230125523 0.44539999999999996 0.12376569037656902 0.09245882352941177
2 0.38516736401673646 0.42875294117647056 0.10430962343096234 0.09944705882352942
1 0.3769246861924686 0.6816117647058824 0.15445606694560668 0.10516470588235294
1 0.5894560669456067 0.5370705882352941 0.18878661087866108 0.08512941176470588
1 0.2763389121338912 0.4379411764705882 0.12458158995815899 0.08625882352941176
1 0.4426569037656904 0.5282588235294118 0.12288702928870293 0.09976470588235294
1 0.6595397489539748 0.6114823529411765 0.192489539748954 0.12063529411764706
2 0.46673640167364017 0.6233529411764707 0.14027196652719665 0.09036470588235294
1 0.26148535564853553 0.5318588235294117 0.17407949790794977 0.08167058823529412
1 0.3532845188284519 0.5861411764705883 0.12730125523012553 0.08931764705882353