2 0.3745606694560669 0.3915411764705882 0.15016736401673642 0.08578823529411765
0 0.4749790794979079 0.6481411764705882 0.22238493723849373 0.09943529411764705
1 0.6052928870292886 0.5800117647058823 0.18602510460251045 0.07952941176470588
2 0.6580962343096234 0.6859176470588235 0.16910041841004184 0.07223529411764705
1 0.3897907949790795 0.5614235294117647 0.20485355648535566 0.07817647058823529
1 0.6394979079497908 0.4860235294117647 0.1430334728033473 0.11078823529411765
2 0.6377405857740586 0.409164705882353 0.16175732217573222 0.05158823529411765
2 0.5622384937238494 0.3542705882352941 0.1450418410041841 0.07443529411764706
2 0.7399163179916318 0.6324823529411765 0.1605439330543933 0.07109411764705882
0 0.48343096234309624 0.45937647058823533 0.18642259414225942 0.13143529411764707
2 0.7544142259414226 0.5579764705882353 0.16255230125523012 0.07958823529411765