0 0.48682008368200835 0.5371294117647059 0.16910041841004184 0.13554117647058822
1 0.34945606694560666 0.4601411764705882 0.18148535564853557 0.08945882352941177
2 0.5238284518828452 0.6330705882352942 0.12702928870292887 0.0704235294117647
2 0.09970711297071129 0.5006588235294118 0.13556485355648534 0.09605882352941177
1 0.21719665271966526 0.5369176470588235 0.13357740585774058 0.10796470588235293
2 0.19330543933054395 0.4455411764705882 0.14186192468619246 0.08061176470588235
2 0.5205439330543933 0.41772941176470585 0.17332635983263597 0.07235294117647059
2 0.3630753138075314 0.3850823529411765 0.15370292887029288 0.06871764705882352
0 0.2258786610878661 0.6479058823529412 0.18817991631799164 0.1196
1 0.3882635983263598 0.6342117647058824 0.1476359832635983 0.0961764705882353
2 0.34144351464435146 0.5522117647058824 0.1247907949790795 0.10101176470588236