0 0.5392259414225942 0.4391058823529412 0.1787029288702929 0.12231764705882353
2 0.3533891213389121 0.5851529411764705 0.13 0.08978823529411764
1 0.37667364016736404 0.6812823529411766 0.15464435146443514 0.1049764705882353
1 0.26248953974895395 0.5320705882352941 0.17552301255230127 0.08572941176470589
2 0.2756066945606695 0.4374117647058824 0.12514644351464435 0.08616470588235293
2 0.3820502092050209 0.42218823529411764 0.10790794979079497 0.09141176470588236
2 0.15594142259414226 0.4448 0.12230125523012553 0.09367058823529412
2 0.44297071129707116 0.5205058823529412 0.12177824267782426 0.09172941176470588
0 0.6593723849372385 0.6116823529411765 0.19161087866108786 0.12005882352941176
1 0.5897280334728033 0.5325294117647058 0.18799163179916317 0.08132941176470587
2 0.4723012552301255 0.6234470588235294 0.1398744769874477 0.09031764705882353