0 0.6821129707112971 0.5111882352941176 0.1671548117154812 0.13088235294117648
1 0.16481171548117154 0.49381176470588234 0.17372384937238494 0.10078823529411765
0 0.41382845188284517 0.3756941176470588 0.23014644351464436 0.10628235294117648
2 0.25364016736401673 0.5688235294117647 0.1643723849372385 0.0698
2 0.5927615062761505 0.4396588235294117 0.13 0.09461176470588235
1 0.45140167364016737 0.4729647058823529 0.18112970711297072 0.07547058823529412
2 0.4228870292887029 0.6205176470588236 0.15815899581589957 0.060305882352941174
2 0.2590376569037657 0.6475411764705882 0.12374476987447698 0.09041176470588234
1 0.5991841004184101 0.6476823529411765 0.13282426778242679 0.11176470588235295
2 0.27866108786610877 0.4350235294117647 0.1462133891213389 0.07789411764705882
2 0.4513807531380753 0.5444 0.18069037656903766 0.06420000000000001