2 0.3755857740585774 0.39148235294117645 0.15069037656903767 0.08628235294117648
0 0.4752928870292887 0.6479882352941176 0.22476987447698743 0.09949411764705882
1 0.6041004184100418 0.5806235294117646 0.186255230125523 0.07985882352941176
2 0.7539539748953975 0.5577411764705882 0.1614016736401674 0.08051764705882353
1 0.3890167364016736 0.5611529411764706 0.2057112970711297 0.07755294117647059
2 0.5618410041841004 0.3539058823529412 0.14826359832635985 0.07347058823529412
2 0.6576569037656904 0.6862588235294118 0.16893305439330544 0.07127058823529411
1 0.6389121338912134 0.4867294117647059 0.14299163179916316 0.10968235294117648
2 0.6366108786610879 0.4098823529411764 0.16322175732217573 0.0512235294117647
2 0.7385355648535564 0.6323529411764706 0.1594979079497908 0.07034117647058824
0 0.4810878661087866 0.46071764705882357 0.18654811715481173 0.1312705882352941