0 0.2219246861924686 0.5417411764705883 0.192092050209205 0.13003529411764705
0 0.437489539748954 0.6265529411764706 0.21236401673640168 0.10995294117647059
1 0.3081589958158996 0.7177058823529411 0.16692468619246864 0.0978
2 0.5567573221757323 0.4960470588235294 0.15715481171548118 0.07892941176470589
2 0.6338702928870293 0.6112823529411765 0.15951882845188284 0.05248235294117647
2 0.35334728033472806 0.570564705882353 0.1387866108786611 0.08910588235294117
1 0.3305020920502092 0.3885882352941177 0.1756276150627615 0.08287058823529411
2 0.6366945606694561 0.548635294117647 0.15244769874476988 0.07729411764705883
1 0.5726359832635984 0.6848000000000001 0.12993723849372385 0.10836470588235295
2 0.6165690376569039 0.42668235294117646 0.13847280334728032 0.07
2 0.44110878661087866 0.4736705882352941 0.12138075313807532 0.09490588235294117