0 0.48361924686192465 0.538235294117647 0.16167364016736402 0.13488235294117648
2 0.5233891213389121 0.6332235294117647 0.12652719665271966 0.07076470588235294
2 0.34242677824267787 0.5528 0.12472803347280334 0.09965882352941176
2 0.36412133891213394 0.3847176470588235 0.15177824267782425 0.06864705882352941
1 0.21635983263598327 0.5368117647058823 0.13451882845188284 0.10783529411764706
0 0.227071129707113 0.6462235294117646 0.186673640167364 0.12208235294117646
1 0.35043933054393306 0.46071764705882357 0.17859832635983264 0.08888235294117647
2 0.19514644351464436 0.4451764705882353 0.1439121338912134 0.08037647058823529
2 0.10002092050209206 0.5015058823529411 0.13468619246861924 0.09612941176470588
1 0.38847280334728035 0.6388235294117647 0.1482008368200837 0.08971764705882354
2 0.5215481171548118 0.4177882352941176 0.16985355648535563 0.07195294117647058