0 0.48592050209205023 0.537235294117647 0.16962343096234309 0.1349764705882353
1 0.34780334728033474 0.4559529411764706 0.18119246861924687 0.08607058823529411
2 0.19230125523012553 0.4455411764705882 0.14301255230125523 0.08058823529411764
2 0.5245188284518828 0.6331176470588235 0.1267573221757322 0.06990588235294118
2 0.09776150627615061 0.5008588235294118 0.1359205020920502 0.09587058823529411
1 0.21723849372384937 0.5366588235294117 0.13225941422594142 0.10695294117647058
2 0.5188075313807532 0.4177058823529412 0.1755020920502092 0.07163529411764706
1 0.38836820083682005 0.6341411764705882 0.14901673640167365 0.0954235294117647
2 0.36223849372384936 0.38520000000000004 0.15328451882845187 0.06838823529411765
0 0.2265062761506276 0.6471058823529411 0.187489539748954 0.12048235294117647
2 0.3412133891213389 0.5513411764705882 0.12552301255230125 0.09928235294117647