0 0.48635983263598326 0.5372705882352942 0.1684100418410042 0.13491764705882353
2 0.19246861924686193 0.44534117647058824 0.14341004184100417 0.08063529411764707
1 0.3441004184100418 0.45484705882352944 0.1820502092050209 0.0888470588235294
0 0.22541841004184102 0.6465764705882353 0.18828451882845187 0.12038823529411764
1 0.2167573221757322 0.5349176470588235 0.13278242677824267 0.10991764705882354
2 0.09937238493723849 0.5008588235294118 0.13661087866108787 0.09651764705882354
2 0.5235564853556485 0.633164705882353 0.12757322175732216 0.06997647058823529
2 0.5181589958158996 0.41652941176470587 0.17468619246861924 0.06958823529411765
1 0.3884518828451883 0.6342941176470588 0.14935146443514644 0.09545882352941176
2 0.3624267782426778 0.38503529411764703 0.15403765690376567 0.06845882352941177
2 0.3412133891213389 0.5515058823529412 0.1256694560669456 0.0996