0 0.6863807531380752 0.5224588235294118 0.16052301255230125 0.10143529411764705
0 0.41439330543933056 0.5581058823529411 0.13317991631799161 0.06549411764705883
2 0.6955020920502092 0.6103529411764705 0.10489539748953974 0.08691764705882353
1 0.5969456066945606 0.7172823529411765 0.1961297071129707 0.09331764705882352
2 0.4347907949790795 0.6171882352941177 0.13587866108786611 0.08508235294117646
2 0.31389121338912135 0.604 0.12589958158995815 0.06427058823529412
1 0.537907949790795 0.5424823529411765 0.11211297071129708 0.09503529411764707
1 0.29543933054393307 0.6655294117647059 0.18320083682008367 0.08465882352941176
0 0.5478870292887029 0.6367176470588236 0.22207112970711299 0.11779999999999999
2 0.7636610878661088 0.6669882352941177 0.15933054393305437 0.12145882352941176
0 0.5596025104602511 0.6035176470588235 0.15 0.05081176470588235