1 0.16569037656903765 0.4934117647058823 0.17286610878661088 0.10491764705882353
0 0.6818410041841004 0.5127882352941177 0.16753138075313806 0.1332823529411765
0 0.41755230125523013 0.37765882352941177 0.2306694560669456 0.10601176470588235
2 0.5930753138075314 0.4389882352941176 0.1292887029288703 0.09470588235294118
2 0.25393305439330544 0.5712823529411765 0.16468619246861924 0.07410588235294117
1 0.45294979079497905 0.4705411764705882 0.1846234309623431 0.07816470588235294
2 0.4228033472803347 0.6210941176470588 0.15916317991631798 0.06
2 0.2589748953974896 0.6474941176470588 0.12353556485355648 0.09040000000000001
2 0.4549163179916318 0.5442470588235294 0.18301255230125524 0.06387058823529412
1 0.5989330543933055 0.6487764705882353 0.13372384937238493 0.11145882352941176
2 0.278744769874477 0.43485882352941174 0.1459623430962343 0.0770235294117647