0 0.14309623430962345 0.47001176470588235 0.17368200836820083 0.13494117647058823
1 0.5110041841004184 0.5183411764705882 0.19485355648535566 0.07932941176470588
2 0.2960669456066946 0.44614117647058826 0.15211297071129706 0.08056470588235294
2 0.18679916317991632 0.714035294117647 0.12182008368200836 0.08488235294117648
1 0.37740585774058577 0.5962352941176471 0.18361924686192468 0.0852235294117647
2 0.31221757322175736 0.5167294117647059 0.18700836820083683 0.06550588235294118
0 0.611234309623431 0.6516470588235294 0.20569037656903763 0.12961176470588234
2 0.4449163179916318 0.45288235294117646 0.16320083682008368 0.07432941176470588
2 0.12523012552301255 0.5818823529411765 0.12667364016736402 0.08650588235294118
2 0.23146443514644352 0.5643411764705882 0.09081589958158995 0.07987058823529412
1 0.4015481171548117 0.6706705882352941 0.19493723849372385 0.07875294117647058