2 0.37140167364016735 0.3911764705882353 0.1505020920502092 0.086
2 0.7541004184100418 0.5527764705882353 0.16110878661087868 0.07028235294117648
0 0.4648744769874477 0.6477764705882353 0.22472803347280335 0.10031764705882353
1 0.6038493723849372 0.5793058823529412 0.18627615062761507 0.07809411764705881
1 0.3809832635983264 0.5604941176470588 0.2043305439330544 0.07984705882352942
2 0.6341004184100419 0.40397647058823527 0.1664225941422594 0.04885882352941177
2 0.5613807531380752 0.3539294117647058 0.14665271966527196 0.0735529411764706
2 0.6574058577405858 0.6858352941176471 0.16930962343096237 0.07188235294117647
2 0.7385146443514644 0.6310588235294118 0.1580753138075314 0.06872941176470589
1 0.6385774058577406 0.4845764705882353 0.14089958158995813 0.10970588235294118
0 0.03838912133891214 0.04848235294117647 0.07675732217573221 0.09572941176470588
0 0.4806694560669456 0.45984705882352944 0.18621338912133892 0.1303529411764706