0 0.22284518828451882 0.5410117647058824 0.190836820083682 0.13040000000000002
2 0.559560669456067 0.4952470588235294 0.15857740585774058 0.08298823529411765
2 0.6344560669456066 0.6111176470588235 0.16094142259414226 0.05452941176470588
0 0.44437238493723846 0.6257529411764706 0.21407949790794978 0.10807058823529411
1 0.30876569037656904 0.7168235294117646 0.16855648535564852 0.09782352941176471
2 0.35297071129707114 0.5687529411764706 0.13968619246861924 0.08850588235294118
1 0.3335564853556485 0.3868 0.18357740585774057 0.08171764705882352
2 0.6370711297071129 0.5456823529411765 0.15297071129707113 0.08041176470588235
1 0.5734937238493724 0.6820117647058824 0.12981171548117154 0.10958823529411765
2 0.44156903765690375 0.4728705882352941 0.12154811715481172 0.09398823529411765
2 0.6189539748953975 0.42616470588235295 0.14207112970711297 0.07112941176470589