2 0.3752092050209205 0.39136470588235295 0.15010460251046026 0.08623529411764705
1 0.6037866108786611 0.5799294117647059 0.1861715481171548 0.08008235294117647
0 0.4681380753138076 0.647764705882353 0.22376569037656902 0.10001176470588236
2 0.754121338912134 0.5523764705882352 0.16104602510460253 0.06862352941176471
1 0.38876569037656905 0.5610352941176471 0.2048744769874477 0.07774117647058823
2 0.6578661087866108 0.6858 0.16828451882845188 0.07167058823529412
2 0.5611087866108786 0.3538470588235294 0.14698744769874478 0.07350588235294117
2 0.6352510460251045 0.4100235294117647 0.1639539748953975 0.05077647058823529
2 0.7384518828451884 0.6321764705882353 0.1584937238493724 0.07052941176470588
1 0.6391004184100418 0.4864117647058823 0.14154811715481172 0.10911764705882353
0 0.4806276150627615 0.45903529411764704 0.18654811715481173 0.1329764705882353