2 0.3725313807531381 0.39122352941176475 0.15650627615062762 0.08616470588235293
2 0.7540585774058577 0.5528588235294117 0.16102510460251046 0.07087058823529412
1 0.6036401673640168 0.5797529411764706 0.18602510460251045 0.07877647058823528
0 0.468723849372385 0.6472 0.22453974895397488 0.09996470588235294
1 0.38102510460251043 0.5604941176470588 0.20414225941422595 0.07762352941176472
2 0.5614853556485355 0.3539294117647058 0.14748953974895398 0.07371764705882353
2 0.6348117154811715 0.40415294117647055 0.1649581589958159 0.050541176470588235
2 0.6572803347280335 0.6857529411764706 0.16864016736401674 0.07161176470588235
2 0.7385564853556484 0.6324823529411765 0.15778242677824267 0.07085882352941177
1 0.6387866108786611 0.4826 0.1363389121338912 0.10897647058823529
0 0.4757531380753138 0.4594588235294118 0.185836820083682 0.13061176470588234