0 0.48282426778242676 0.5372235294117647 0.15935146443514644 0.13516470588235294
1 0.3476359832635983 0.4598705882352941 0.18106694560669456 0.08889411764705883
2 0.192489539748954 0.4455176470588235 0.14382845188284518 0.08054117647058823
2 0.5242468619246862 0.6330823529411764 0.12734309623430962 0.06996470588235294
2 0.09918410041841004 0.5011294117647058 0.13673640167364018 0.09581176470588235
1 0.21707112970711298 0.5368235294117647 0.13265690376569036 0.10691764705882352
2 0.5192887029288703 0.4178117647058823 0.17506276150627617 0.07192941176470588
0 0.22652719665271967 0.6467529411764706 0.1877824267782427 0.12056470588235295
1 0.3882845188284519 0.6342117647058824 0.1494979079497908 0.09537647058823528
2 0.36211297071129706 0.38498823529411763 0.15389121338912135 0.06811764705882353
2 0.341255230125523 0.5508352941176471 0.12535564853556486 0.09969411764705882