0 0.22077405857740587 0.5385529411764706 0.1905857740585774 0.1302235294117647
0 0.4401464435146443 0.6258823529411764 0.21376569037656906 0.10918823529411766
1 0.3084937238493724 0.7175647058823529 0.16721757322175734 0.09810588235294118
2 0.5543096234309624 0.4965647058823529 0.15485355648535565 0.08051764705882353
2 0.6332008368200838 0.6114352941176471 0.16043933054393306 0.056117647058823536
1 0.32939330543933054 0.38685882352941175 0.1759205020920502 0.08087058823529411
2 0.6366736401673639 0.5476117647058824 0.15238493723849372 0.07792941176470587
2 0.3528033472803347 0.5696588235294118 0.13889121338912133 0.08890588235294117
2 0.6202301255230126 0.4283882352941176 0.1439121338912134 0.07370588235294118
2 0.4417364016736402 0.47256470588235294 0.12320083682008369 0.09350588235294117
1 0.5739330543933054 0.6837294117647058 0.13010460251046024 0.10918823529411766