0 0.1447489539748954 0.4727882352941177 0.17602510460251047 0.13462352941176473
2 0.29976987447698744 0.4471294117647059 0.14571129707112973 0.08075294117647058
2 0.19171548117154813 0.7140823529411765 0.12389121338912133 0.08442352941176472
1 0.5117364016736402 0.5196705882352941 0.19786610878661087 0.08485882352941176
2 0.4457949790794979 0.4533764705882353 0.16150627615062763 0.07434117647058823
1 0.3789121338912134 0.5944470588235293 0.18700836820083683 0.08091764705882352
2 0.12690376569037656 0.5822 0.1265481171548117 0.08583529411764705
1 0.4048326359832636 0.6724705882352942 0.19338912133891212 0.0784
0 0.6124058577405858 0.6512823529411765 0.20577405857740586 0.12981176470588235
2 0.3120711297071129 0.5175176470588235 0.18299163179916317 0.06252941176470588
2 0.2306694560669456 0.5640235294117647 0.09081589958158995 0.08097647058823529