0 0.14219665271966528 0.47214117647058823 0.17809623430962343 0.13489411764705883
0 0.6112133891213389 0.6508941176470588 0.20523012552301254 0.13034117647058824
1 0.5106276150627616 0.5185294117647059 0.19648535564853556 0.0793529411764706
2 0.29313807531380753 0.4464941176470588 0.15106694560669454 0.08027058823529412
2 0.19089958158995815 0.7135529411764706 0.12692468619246863 0.08491764705882354
1 0.3806276150627615 0.5960941176470589 0.19014644351464435 0.08442352941176472
2 0.31031380753138077 0.5165176470588235 0.18246861924686192 0.0660235294117647
2 0.1251673640167364 0.5817882352941176 0.12623430962343096 0.08663529411764706
2 0.44366108786610875 0.45252941176470585 0.1618410041841004 0.0724470588235294
2 0.23175732217573222 0.5655764705882353 0.09476987447698744 0.079
1 0.39677824267782424 0.6701999999999999 0.19435146443514645 0.07874117647058824