1 0.1646652719665272 0.49545882352941173 0.17324267782426778 0.10504705882352942
0 0.6823221757322175 0.5107882352941177 0.16698744769874477 0.13354117647058825
2 0.5935146443514644 0.4396235294117647 0.12817991631799164 0.09501176470588237
0 0.4196234309623431 0.3759294117647059 0.23077405857740585 0.10621176470588235
2 0.2542677824267783 0.5686941176470588 0.16531380753138075 0.06924705882352941
1 0.4539539748953975 0.4731529411764706 0.18039748953974896 0.07431764705882353
2 0.4226569037656904 0.621 0.1589958158995816 0.059458823529411765
2 0.2589958158995816 0.6475647058823529 0.12401673640167364 0.09035294117647058
2 0.4540585774058577 0.5443647058823529 0.18140167364016735 0.06350588235294118
1 0.5976778242677824 0.648364705882353 0.13510460251046025 0.1119764705882353
2 0.2775941422594142 0.4348352941176471 0.14384937238493725 0.0766235294117647