1 0.29305439330543936 0.6660117647058824 0.18548117154811714 0.08569411764705882
2 0.31430962343096236 0.6044941176470588 0.12665271966527197 0.06421176470588236
1 0.538326359832636 0.5424823529411765 0.11309623430962344 0.09467058823529412
2 0.6963598326359833 0.6088823529411764 0.10376569037656905 0.08331764705882352
2 0.4152510460251046 0.5585882352941176 0.13372384937238493 0.06524705882352941
0 0.548744769874477 0.6372117647058824 0.22248953974895397 0.11737647058823529
1 0.5973849372384937 0.7172823529411765 0.19786610878661087 0.09350588235294117
0 0.7640794979079498 0.6669882352941177 0.15933054393305437 0.12145882352941176
2 0.43414225941422596 0.6166941176470588 0.13610878661087866 0.0847764705882353
0 0.6872384937238494 0.5229529411764706 0.16106694560669454 0.10107058823529412
0 0.5604811715481172 0.6049764705882353 0.14629707112970713 0.05144705882352941