2 0.3757112970711297 0.3912823529411764 0.15104602510460252 0.08587058823529412
2 0.7544351464435146 0.5530588235294118 0.16069037656903767 0.0697764705882353
0 0.46893305439330546 0.6486352941176471 0.22430962343096233 0.10004705882352942
1 0.38437238493723846 0.5593058823529412 0.20518828451882845 0.07703529411764706
2 0.5613179916317992 0.3539882352941176 0.14698744769874478 0.07348235294117647
1 0.6044351464435147 0.58 0.18669456066945606 0.07912941176470589
2 0.6346443514644352 0.40389411764705885 0.16585774058577407 0.04965882352941177
2 0.657489539748954 0.6859058823529411 0.16953974895397492 0.07172941176470587
1 0.6387238493723849 0.4863411764705882 0.14052301255230126 0.10907058823529411
2 0.7386192468619247 0.6316 0.15746861924686192 0.06938823529411764
0 0.03853556485355649 0.047247058823529406 0.0754602510460251 0.09389411764705882
0 0.4804602510460251 0.4586 0.18602510460251045 0.13254117647058822