0 0.5388284518828452 0.4379647058823529 0.1780753138075314 0.12351764705882352
2 0.35345188284518825 0.5852941176470589 0.13027196652719666 0.08991764705882353
1 0.37623430962343096 0.6812470588235293 0.15523012552301255 0.10512941176470589
2 0.3846234309623431 0.423364705882353 0.10765690376569038 0.09164705882352941
2 0.4426778242677824 0.5225294117647059 0.12194560669456067 0.08929411764705883
1 0.26322175732217573 0.5305882352941177 0.17581589958158997 0.08224705882352941
1 0.5907740585774058 0.5366117647058823 0.18776150627615062 0.0862
0 0.6608786610878661 0.6122588235294117 0.19253138075313808 0.12041176470588234
2 0.1561297071129707 0.44529411764705884 0.12228033472803349 0.09282352941176471
2 0.2756276150627615 0.4369176470588235 0.12506276150627615 0.08569411764705882
2 0.472092050209205 0.622729411764706 0.13972803347280335 0.09136470588235293