0 0.22152719665271967 0.5416 0.19056485355648536 0.12972941176470587
0 0.4393723849372385 0.6270705882352942 0.22211297071129707 0.11109411764705883
1 0.3067364016736402 0.7171176470588235 0.1673012552301255 0.09761176470588236
2 0.5547071129707113 0.4967294117647059 0.15389121338912135 0.0793529411764706
1 0.327071129707113 0.38769411764705886 0.17476987447698747 0.08194117647058824
2 0.6348535564853556 0.6129176470588236 0.15956066945606695 0.05529411764705883
2 0.3529497907949791 0.5703411764705882 0.1392468619246862 0.08763529411764705
2 0.6372803347280335 0.5481294117647059 0.15217573221757322 0.07721176470588234
1 0.5726987447698745 0.6848235294117647 0.12939330543933056 0.10849411764705882
0 0.03765690376569038 0.04943529411764706 0.0753347280334728 0.09754117647058823
2 0.6168410041841005 0.4274941176470588 0.14560669456066944 0.07441176470588236
2 0.44081589958158995 0.474 0.12133891213389121 0.09459999999999999