0 0.5390167364016736 0.4393764705882353 0.1768619246861925 0.12616470588235293
1 0.35343096234309623 0.5850705882352941 0.12989539748953977 0.09028235294117647
0 0.2632635983263598 0.5316823529411765 0.17640167364016734 0.0866235294117647
1 0.442928870292887 0.5264352941176471 0.12211297071129706 0.09688235294117646
2 0.38184100418410044 0.42523529411764704 0.10755230125523012 0.10108235294117647
0 0.27638075313807536 0.4372588235294118 0.1247907949790795 0.08590588235294117
1 0.3764853556485356 0.6810823529411765 0.15418410041841005 0.10531764705882353
1 0.6592050209205021 0.6113882352941176 0.1916317991631799 0.12028235294117647
1 0.5899372384937238 0.5365294117647059 0.1880962343096234 0.08557647058823528
1 0.47211297071129704 0.6231411764705882 0.14102510460251044 0.09075294117647059
0 0.15587866108786613 0.44475294117647063 0.12205020920502092 0.0932235294117647