0 0.48652719665271965 0.5373764705882352 0.16949790794979078 0.1360235294117647
2 0.349163179916318 0.46017647058823524 0.1807112970711297 0.08917647058823529
2 0.524163179916318 0.6332705882352941 0.12692468619246863 0.07085882352941177
1 0.21665271966527197 0.5369176470588235 0.13554393305439333 0.10823529411764705
2 0.3638493723849372 0.38529411764705884 0.1511297071129707 0.06914117647058823
1 0.3884100418410042 0.6344941176470589 0.14686192468619247 0.09554117647058823
2 0.5198326359832636 0.4184470588235294 0.1765899581589958 0.07285882352941177
2 0.3417154811715481 0.5523882352941176 0.12489539748953976 0.10016470588235295
1 0.1944560669456067 0.4453176470588235 0.14205020920502093 0.08045882352941176
2 0.09999999999999999 0.5009176470588235 0.13497907949790794 0.09569411764705883
0 0.22673640167364015 0.6477411764705883 0.18757322175732216 0.11981176470588235