0 0.5385355648535565 0.4396588235294117 0.17861924686192468 0.12598823529411765
2 0.15606694560669454 0.44489411764705883 0.12182008368200836 0.092
2 0.35322175732217576 0.5829647058823529 0.12905857740585774 0.08824705882352941
1 0.37742677824267784 0.6819176470588235 0.15403765690376567 0.10398823529411765
1 0.2628451882845188 0.5323411764705882 0.17596234309623432 0.08523529411764706
2 0.38433054393305444 0.4216235294117647 0.10702928870292887 0.08952941176470587
2 0.4426359832635984 0.5213058823529412 0.12165271966527197 0.09124705882352942
1 0.5890794979079498 0.5365647058823529 0.1900836820083682 0.0859764705882353
0 0.6595188284518828 0.6115058823529411 0.19217573221757323 0.11927058823529411
2 0.2757322175732218 0.43702352941176476 0.12443514644351464 0.08541176470588234
2 0.47085774058577406 0.6229058823529412 0.14228033472803348 0.09075294117647059