2 0.3759205020920502 0.39190588235294116 0.15303347280334728 0.08529411764705883
0 0.4752928870292887 0.6485882352941176 0.22324267782426777 0.09934117647058824
1 0.6051673640167363 0.5810117647058823 0.18728033472803346 0.07929411764705883
2 0.659163179916318 0.6855882352941176 0.16751046025104602 0.07028235294117648
1 0.39043933054393304 0.5620352941176471 0.2051255230125523 0.07889411764705882
2 0.7410251046025104 0.6317058823529412 0.15933054393305437 0.07047058823529412
1 0.6402092050209205 0.48678823529411763 0.1423221757322176 0.11178823529411765
0 0.4836820083682008 0.45898823529411764 0.18650627615062762 0.13065882352941177
2 0.7543096234309623 0.5569058823529411 0.16073221757322176 0.07814117647058824
2 0.5634518828451882 0.3541764705882353 0.14556485355648535 0.07442352941176471
2 0.6370083682008368 0.4057529411764706 0.16548117154811715 0.05336470588235294