0 0.22127615062761505 0.5396470588235294 0.1897907949790795 0.12991764705882353
1 0.30669456066945605 0.7169058823529412 0.16696652719665273 0.09759999999999999
0 0.4364225941422594 0.6264235294117647 0.21240585774058576 0.11034117647058825
1 0.3279916317991632 0.3865882352941177 0.17556485355648535 0.08084705882352941
2 0.6338284518828452 0.6106 0.16069037656903767 0.05010588235294118
2 0.5567573221757323 0.4964235294117647 0.1584937238493724 0.07971764705882353
2 0.6363598326359833 0.5466470588235294 0.15200836820083682 0.07967058823529412
2 0.3531799163179916 0.5706470588235294 0.13889121338912133 0.08855294117647058
1 0.5705230125523012 0.6845529411764706 0.13064853556485356 0.10875294117647058
2 0.6205857740585774 0.4283176470588235 0.14380753138075314 0.07388235294117647
2 0.4404393305439331 0.47310588235294115 0.12142259414225941 0.0956235294117647