0 0.22242677824267781 0.5418117647058823 0.19094142259414226 0.12971764705882355
0 0.44476987447698746 0.6278588235294117 0.21092050209205018 0.10827058823529412
2 0.6335983263598327 0.6118 0.15962343096234308 0.0536
2 0.5598117154811715 0.5006117647058823 0.1557949790794979 0.08071764705882353
1 0.3084937238493724 0.7168588235294118 0.16748953974895398 0.09761176470588236
2 0.3518619246861925 0.5698941176470589 0.13694560669456066 0.08941176470588236
1 0.33761506276150627 0.39167058823529416 0.17502092050209203 0.08083529411764705
2 0.6353138075313808 0.5471764705882354 0.15343096234309625 0.07762352941176472
1 0.5718410041841003 0.6825647058823529 0.1300418410041841 0.10904705882352941
2 0.6197071129707113 0.42881176470588234 0.14399581589958158 0.07344705882352941
2 0.4413598326359833 0.4741058823529412 0.12205020920502092 0.09369411764705883