2 0.37554393305439326 0.3911764705882353 0.1519665271966527 0.08582352941176472
0 0.47504184100418406 0.647764705882353 0.22506276150627616 0.09970588235294117
2 0.7543723849372385 0.556235294117647 0.1606694560669456 0.07984705882352942
1 0.6037866108786611 0.5802470588235293 0.1855020920502092 0.07989411764705882
1 0.38851464435146443 0.5617058823529412 0.2043305439330544 0.07716470588235294
2 0.5617573221757322 0.3537294117647059 0.14845188284518826 0.07323529411764707
2 0.6573012552301255 0.6858117647058825 0.16930962343096237 0.07164705882352941
2 0.6344142259414226 0.40950588235294116 0.16531380753138075 0.05092941176470588
2 0.7382217573221758 0.632270588235294 0.1587866108786611 0.07056470588235293
1 0.6388075313807532 0.4861529411764706 0.14202928870292889 0.10883529411764707
0 0.48020920502092046 0.4602588235294118 0.1853347280334728 0.13031764705882354