0 0.5370502092050209 0.43963529411764707 0.17336820083682009 0.12567058823529412
2 0.1544142259414226 0.44528235294117646 0.12476987447698745 0.09218823529411764
2 0.3517154811715481 0.5860235294117647 0.12694560669456068 0.08994117647058823
1 0.37435146443514644 0.6818235294117646 0.1533891213389121 0.10392941176470588
2 0.3830753138075314 0.42421176470588234 0.1046652719665272 0.09490588235294117
0 0.6557740585774058 0.6106 0.19426778242677825 0.12025882352941177
1 0.26194560669456063 0.5321176470588236 0.1760041841004184 0.08592941176470589
2 0.4403138075313808 0.5213764705882353 0.12079497907949792 0.09016470588235294
2 0.27518828451882843 0.43730588235294116 0.12401673640167364 0.08537647058823529
1 0.587928870292887 0.5370470588235294 0.19023012552301258 0.08470588235294117
2 0.46514644351464435 0.6232117647058824 0.13981171548117155 0.0918235294117647