0 0.5370083682008369 0.43820000000000003 0.17468619246861924 0.12669411764705882
2 0.1533682008368201 0.44237647058823526 0.12169456066945607 0.09196470588235295
2 0.382092050209205 0.42782352941176466 0.10336820083682008 0.10058823529411764
1 0.584623430962343 0.5356470588235295 0.1969246861924686 0.08785882352941177
0 0.6560669456066947 0.610035294117647 0.19744769874476986 0.12012941176470589
1 0.38125523012552304 0.6803058823529412 0.1550836820083682 0.10464705882352941
2 0.4395397489539749 0.5253294117647058 0.12202928870292887 0.0969764705882353
2 0.2756485355648535 0.435035294117647 0.12669456066945609 0.08537647058823529
2 0.3519665271966527 0.5833882352941177 0.1280334728033473 0.08878823529411764
1 0.26372384937238497 0.5291058823529412 0.17351464435146444 0.08165882352941176
2 0.4651882845188285 0.6215176470588235 0.14384937238493725 0.09