0 0.141673640167364 0.47224705882352946 0.17725941422594144 0.13524705882352941
2 0.296255230125523 0.44641176470588234 0.15177824267782425 0.08095294117647059
1 0.37893305439330544 0.5960235294117647 0.18843096234309623 0.08563529411764706
1 0.5122594142259415 0.5205411764705882 0.1957112970711297 0.08472941176470587
2 0.1897907949790795 0.7136470588235294 0.1263807531380753 0.08469411764705882
2 0.4444560669456067 0.45250588235294115 0.16192468619246864 0.07389411764705883
2 0.3088075313807532 0.5171764705882353 0.184163179916318 0.06644705882352941
0 0.611234309623431 0.6518470588235294 0.2055857740585774 0.12996470588235293
2 0.1247489539748954 0.5821647058823529 0.12564853556485356 0.0861764705882353
2 0.2310460251046025 0.5667411764705883 0.09391213389121339 0.0811764705882353
1 0.40182008368200833 0.671564705882353 0.192092050209205 0.07881176470588235