0 0.22158995815899582 0.5408823529411765 0.19052301255230125 0.13141176470588237
1 0.3067154811715481 0.7172117647058823 0.16707112970711296 0.09759999999999999
0 0.43968619246861923 0.6269176470588236 0.21537656903765692 0.11083529411764705
2 0.6342468619246863 0.6115882352941177 0.16010460251046024 0.0532
1 0.3306276150627615 0.3869764705882353 0.1747489539748954 0.0826235294117647
2 0.5586401673640167 0.49563529411764706 0.15788702928870293 0.08210588235294118
2 0.35324267782426777 0.5706352941176471 0.13897489539748956 0.0882235294117647
2 0.6370502092050209 0.5481294117647059 0.1518410041841004 0.07716470588235294
1 0.5729079497907951 0.6849647058823529 0.1296652719665272 0.10834117647058823
2 0.6199581589958159 0.4284705882352941 0.14384937238493725 0.07412941176470587
2 0.440836820083682 0.4737294117647059 0.12196652719665271 0.09471764705882353