0 0.4865690376569038 0.5370588235294118 0.1694560669456067 0.13572941176470588
1 0.34817991631799167 0.4560235294117647 0.18267782426778242 0.08803529411764706
2 0.19286610878661087 0.4456235294117647 0.143326359832636 0.0804235294117647
1 0.21742677824267784 0.537035294117647 0.13230125523012554 0.10712941176470589
2 0.5242677824267782 0.6331882352941177 0.12721757322175734 0.0697764705882353
2 0.5178451882845189 0.4172941176470588 0.17573221757322174 0.07225882352941176
0 0.22615062761506274 0.6470823529411764 0.18905857740585774 0.11962352941176471
2 0.0992468619246862 0.5008705882352942 0.13631799163179917 0.0957764705882353
1 0.3880753138075314 0.6340941176470588 0.1489539748953975 0.09429411764705883
2 0.3618619246861925 0.3849764705882353 0.15297071129707113 0.06852941176470588
2 0.34115062761506276 0.5512588235294118 0.12539748953974894 0.09935294117647059