0 0.22194560669456068 0.5416588235294117 0.19129707112970712 0.1300235294117647
0 0.44437238493723846 0.6273882352941176 0.2130125523012552 0.11029411764705882
1 0.3080543933054393 0.7177529411764706 0.1671548117154812 0.0981764705882353
2 0.5538284518828452 0.49568235294117646 0.1552092050209205 0.07941176470588235
1 0.3314225941422594 0.3876117647058824 0.1761715481171548 0.08436470588235294
2 0.6367573221757322 0.6117764705882353 0.1664644351464435 0.0529764705882353
2 0.3530125523012552 0.5702823529411765 0.1389121338912134 0.08808235294117647
2 0.6360041841004184 0.5481294117647059 0.15305439330543932 0.07821176470588236
1 0.5726987447698745 0.6848588235294117 0.13031380753138075 0.10834117647058823
2 0.6214225941422594 0.42875294117647056 0.1452092050209205 0.07425882352941177
2 0.44123430962343096 0.47344705882352944 0.12135983263598325 0.09536470588235295