0 0.2210878661087866 0.5419058823529412 0.1896234309623431 0.12974117647058825
0 0.44405857740585775 0.6273647058823529 0.21317991631799163 0.11051764705882353
1 0.32807531380753135 0.3878941176470588 0.1755020920502092 0.08223529411764706
1 0.30788702928870293 0.7173058823529412 0.1664644351464435 0.09759999999999999
2 0.633765690376569 0.6101647058823529 0.16035564853556486 0.05058823529411765
2 0.5591004184100419 0.49941176470588233 0.15497907949790796 0.08049411764705883
2 0.3526987447698745 0.5700941176470588 0.13910041841004184 0.08902352941176471
1 0.5730334728033474 0.6850352941176471 0.131255230125523 0.1079529411764706
2 0.6364644351464436 0.5470588235294118 0.15165271966527197 0.07871764705882353
2 0.44050209205020924 0.47308235294117645 0.12213389121338912 0.09498823529411764
2 0.6206276150627615 0.42817647058823527 0.14345188284518828 0.07379999999999999