0 0.4871548117154812 0.5372470588235294 0.17060669456066946 0.1351294117647059
2 0.1927824267782427 0.4452588235294118 0.1436610878661088 0.08049411764705883
1 0.3486610878661088 0.4556 0.18236401673640168 0.08790588235294118
2 0.09972803347280335 0.5007764705882354 0.13765690376569037 0.09670588235294118
1 0.2169246861924686 0.5357764705882353 0.13286610878661087 0.10789411764705882
2 0.5242468619246862 0.6333411764705883 0.12709205020920503 0.06990588235294118
1 0.38851464435146443 0.6344941176470589 0.15006276150627615 0.09530588235294118
2 0.5186610878661088 0.4179058823529412 0.1757949790794979 0.07200000000000001
2 0.36165271966527196 0.38503529411764703 0.15332635983263598 0.0681764705882353
0 0.2263389121338912 0.6467294117647059 0.18759414225941423 0.12128235294117648
2 0.34089958158995814 0.5512470588235294 0.12497907949790796 0.0998235294117647