0 0.6817573221757323 0.5115647058823529 0.16780334728033472 0.1327529411764706
1 0.16462343096234308 0.4955058823529412 0.17236401673640167 0.10477647058823529
0 0.4169456066945607 0.376364705882353 0.23384937238493725 0.1066235294117647
2 0.25355648535564856 0.5688941176470588 0.16443514644351465 0.0702
1 0.4533891213389121 0.47405882352941175 0.18288702928870293 0.07118823529411765
2 0.5934728033472804 0.43941176470588234 0.1286192468619247 0.09432941176470588
2 0.4228870292887029 0.621164705882353 0.1580753138075314 0.06018823529411764
2 0.2590794979079498 0.6477411764705883 0.12416317991631799 0.09105882352941178
0 0.03780334728033473 0.050188235294117645 0.07560669456066946 0.09905882352941177
2 0.45096234309623434 0.5443176470588236 0.17972803347280333 0.06364705882352942
1 0.599163179916318 0.6482470588235294 0.1313389121338912 0.11192941176470589
2 0.27864016736401676 0.4349411764705882 0.14535564853556487 0.07604705882352941