2 0.37562761506276154 0.3912823529411764 0.1502092050209205 0.08583529411764705
2 0.7556485355648536 0.5578470588235295 0.1618410041841004 0.08037647058823529
0 0.4746025104602511 0.6478117647058823 0.2243723849372385 0.10034117647058824
1 0.6035983263598326 0.5801411764705883 0.18594142259414226 0.0793529411764706
1 0.3884518828451883 0.5611882352941177 0.2044560669456067 0.07790588235294117
2 0.6351255230125522 0.4099058823529412 0.16518828451882844 0.05128235294117647
2 0.5610878661087866 0.354 0.14707112970711297 0.07368235294117648
2 0.7388284518828453 0.6325058823529411 0.15784518828451882 0.07071764705882352
2 0.6573012552301255 0.6861411764705883 0.16880753138075313 0.0712
1 0.6385774058577406 0.4865058823529411 0.14100418410041843 0.10912941176470589
0 0.4808577405857741 0.4606705882352941 0.18627615062761507 0.13174117647058825